,perc,atc,iptg,rfp,gfp,branch,num
1,100,50.0,0.0,0.11967010445326887,0.04650943691494267,True,19790
2,100,50.0,0.0,0.0866081261428642,0.05604175438403282,False,18820
3,0,0.0,0.5,0.006548424234031114,0.15674680755091241,False,19020
4,25,12.5,0.375,0.07796776558248557,0.051853196434767795,False,3625
5,50,25.0,0.25,0.09024637067888171,0.05564207640943542,False,13066
6,75,37.5,0.125,0.061616967384038275,0.03407733888698626,False,5493
7,4,2.0,0.48,0.0829381988919616,0.049881833062300755,True,10532
8,6,3.0,0.47,0.09109627046020123,0.04704037272001082,True,4855
9,5,2.5,0.475,0.08999850695844522,0.05227577491858467,True,11771
10,10,5.0,0.45,0.11032444501559628,0.05262398546792888,True,8955
11,15,7.5,0.425,0.1079382705426253,0.052848628938526765,True,27108
12,8,4.0,0.46,0.08161445215325158,0.053990720504236575,False,21310
13,12,6.0,0.44,0.09699181604805335,0.054460418183066135,False,19597
14,10,5.0,0.45,0.07649913933915957,0.06344957423812216,False,28028
15,15,7.5,0.425,0.08864354604147227,0.05727121868226994,False,23154
16,20,10.0,0.4,0.08375047295938418,0.05198869668251013,False,16183
17,7,3.5000000000000004,0.46499999999999997,0.1376930587247521,0.13039577625336687,False,6374
18,8,4.0,0.46,0.1608320987242306,0.1331800249352241,False,7688
19,4.5,2.25,0.4775,0.04421377389355195,0.1733387945061802,False,4223
20,5,2.5,0.475,0.0522188318752728,0.1680799520617384,False,2661
21,5.5,2.75,0.4725,0.09073101963721439,0.1363367113902932,False,7394
22,6,3.0,0.47,0.10869163681604399,0.13826317499711777,False,7486
23,0.5,0.25,0.4975,0.00868355630033162,0.11501769892404164,True,11328
24,1,0.5,0.495,0.0142547250822985,0.08975096916149448,True,11770
25,1.5,0.75,0.4925,0.028281303330584005,0.07232731040782897,True,6442
26,2,1.0,0.49,0.05380815545016647,0.07445587381994619,True,12582
27,1,0.5,0.495,0.01142131408789678,0.17772429595325534,False,4104
28,2,1.0,0.49,0.01105662232225716,0.17890362005952307,False,2791
29,3,1.5,0.485,0.00980426533094373,0.16523681789633732,False,6153
30,4,2.0,0.48,0.010304473034023822,0.15538179521430795,False,3565
